# # Hyperspheres 

# Reload Spheres

s 15 3.5 35 0  3 0 0 0 32.0 0.2 0.2 100000.000000 1
s 4 14 105 0  3 0 0 0 32.0 0.2 0.2 100001.000000 1

# Beacons

s -4 3 6 0      4 1.000000 1.000000 1.000000 32.000000 0.200000 0.200000 200000 1 
s 10 1.5 40 0   4 1.000000 1.000000 1.000000 32.000000 0.200000 0.200000 200001 1 
s 5 8 90 0      4 1.000000 1.000000 1.000000 32.000000 0.200000 0.200000 200002 1 
s 0 12 105 0  4 1.000000 1.000000 1.000000 32.000000 0.200000 0.200000 200003 1 

# Normal

s 29.961769 4.293514 62.427654 0.1 1.250000 1.000000 0.7 1.000000 32.000000 0.200000 0.200000 10 1 
s 29.787487 5.741540 65.860222 0.2 1.250000 1.000000 0.7 1.000000 32.000000 0.200000 0.200000 11 1 
s 12.301997 5.574483 74.681198 0 1.250000 1.000000 1.000000 1.000000 32.000000 0.9 0.9 12 -1 

# # AABBS

a 0 0 0 0 60 1 60 60 1.000000 1.000000 1.000000 32.000000 0.300000 0.300000 8 1.000000


a 20  1.50 40  0    10 0.25 2 2 0.8 1.000000 0.0 32.000000 0.300000 0.300000 9 1.000000
a 30  3.00 50 0    2 0.25 10 2 0.7 1.000000 0.1 32.000000 0.300000 0.300000 10 1.000000
a 20  4.50 70 0    10 0.25 2 2 0.6 1.000000 0.2 32.000000 0.300000 0.300000 11 1.000000
#a 10  6.00 80 0    2 0.25 10 2 0.5 1.000000 0.3 32.000000 0.300000 0.300000 12 1.000000
a 10  7.50 90 10   2 0.25 2 10 0.4 1.000000 0.4 32.000000 0.300000 0.300000 13 1.000000
#a 10  9.00 100 20   2 0.25 10 2 0.3 1.000000 0.5 32.000000 0.300000 0.300000 14 1.000000
#a 10  10.5 110 10   2 0.25 2 10 0.2 1.000000 0.6 32.000000 0.300000 0.300000 15 1.000000
#a 10  12.0 120 0    2 0.25 10 2 0.1 1.000000 0.7 32.000000 0.300000 0.300000 16 1.000000

a 0  13.5 100 0    40 0.25 5 5 0.0 1.000000 0.8 32.000000 0.300000 0.300000 17 1.000000

# Lancelots
l 0 3 35 0
l 30 1.5 40 0
l -20 25 155 -20
l 10 25 155 -10
l 0 25 155 0
#l 10 25 155 10
#l 20 25 155 20
       