# maps/MAP 20.txt


# # Hyperspheres

# Beacons
s 10 5 10 0 4 0 0 0 32.0 0.2 0.2 200000.000000 1
s 28.1 32.4 24.5 1.5 4 0 0 0 32.0 0.2 0.2 200001.000000 1 
s -2.599482 9.104142 -26.119446 -4.470512 4 1.000000 1.000000 1.000000 32.000000 0.200000 0.200000 200002.000000 1 

# Normal 
s -0.090784 1.569828 3.212904 -0.037339 1.750000 1.000000 1.000000 0.000000 32.000000 0.200000 0.200000 7000 -1 
s -0.140370 3.425725 6.902754 -0.088680 1.750000 1.000000 1.000000 0.000000 32.000000 0.200000 0.200000 7001 -1 
s -0.164565 5.394563 10.243330 -0.125585 1.750000 1.000000 1.000000 0.000000 32.000000 0.200000 0.200000 7002 -1 
s 0.687498 7.316452 12.978766 -0.143743 1.750000 1.000000 1.000000 0.000000 32.000000 0.200000 0.200000 7003 -1 
s 2.145416 9.552195 15.445599 -0.288226 1.750000 1.000000 1.000000 0.000000 32.000000 0.200000 0.200000 7004 -1 
s 3.917242 11.818993 17.531462 -0.445290 1.750000 1.000000 1.000000 0.000000 32.000000 0.200000 0.200000 7005 -1 
s 5.940826 14.213960 19.069347 -0.789731 1.750000 1.000000 1.000000 0.000000 32.000000 0.200000 0.200000 7006 -1 
s 8.658190 16.376188 20.357309 -1.625697 1.750000 1.000000 1.000000 0.000000 32.000000 0.200000 0.200000 7007 -1 
s 11.484110 18.616446 20.914234 -1.736697 1.750000 1.000000 1.000000 0.000000 32.000000 0.200000 0.200000 7008 -1 
s 14.318315 20.976431 21.561903 -1.625754 1.750000 1.000000 1.000000 0.000000 32.000000 0.200000 0.200000 7009 -1 
s 17.246445 23.436481 22.204882 -1.444460 1.750000 1.000000 1.000000 0.000000 32.000000 0.200000 0.200000 7010 -1 
s 20.072739 25.678921 22.763674 -1.064078 1.750000 1.000000 1.000000 0.000000 32.000000 0.200000 0.200000 7011 -1 
s 23.361809 27.970205 23.459440 -0.512564 1.750000 1.000000 1.000000 0.000000 32.000000 0.200000 0.200000 7012 -1 
s 4.019173 2.603833 -8.300162 -1.549973 1.250000 1.000000 1.000000 0.000000 32.000000 0.200000 0.200000 7013 -1 
s 6.355146 5.655269 -11.096992 -2.582020 1.250000 1.000000 1.000000 0.000000 32.000000 0.200000 0.200000 7014 -1 
s 7.593496 8.195536 -13.809467 -3.467861 1.250000 1.000000 1.000000 0.000000 32.000000 0.200000 0.200000 7015 -1 
s 5.844888 9.823947 -16.284554 -3.883731 1.250000 1.000000 1.000000 0.000000 32.000000 0.200000 0.200000 7016 1 


# # AABBs 
a 0.000000 0.000000 0.000000 0.000000 60.000000 1.000000 60.000000 60.000000 1.000000 1.000000 1.000000 32.000000 0.300000 0.300000 7 -1 
a 0.000000 7.000000 -20.000000 0.000000 5.000000 0.500000 7.000000 5.000000 0.000000 0.000000 0.0200000 32.000000 0.300000 0.300000 8 -1 


# # Lancelots
l 0 20 100 100
l 0 20 -100 100
l 0 20 100 -100
l 0 20 -100 -100


# SUN NIGHT
n 0.000000003
r 1.0


