# C:/Users/arthu/source/repos/Honor In (after 8 12 2023)/maps/3corpsR.txt


# # Hyperspheres 

# Black Holes
s 0.0 0.0 6 6 10 0 0 0 32.0 0.2 0.2 -1999.000000 1
# Reload Spheres
s 31.78 1.47 37.6 5.96 3 0 0 0 32.0 0.2 0.2 100000.000000 1  
s 3.4 7.2 -6.3 11.5 3 0 0 0 32.0 0.2 0.2 100001.000000 1  
# Beacons
s -33.8 5.5 40.0 7.82 4 0 0 0 32.0 0.2 0.2 200000.000000 1
s 46.0 19.7 18.36 5.63 4 0 0 0 32.0 0.2 0.2 200001.000000 1 
s 38.3 -10.0 -31.4 0 4 0 0 0 32.0 0.2 0.2 200002.000000 1 


# # AABBs
a 0.000000 0.000000 -6.000000 0.000000 14.000000 0.100000 2.000000 2.000000 1.000000 1.000000 1.000000 32.000000 0.300000 0.300000 2004.000000 1.000000
a 12.000000 0.000000 6.000000 0.000000 2.000000 0.100000 14.000000 2.000000 1.000000 1.000000 1.000000 32.000000 0.300000 0.300000 2005.000000 1.000000
a 0.000000 0.000000 18.000000 0.000000 14.000000 0.100000 2.000000 2.000000 1.000000 1.000000 1.000000 32.000000 0.300000 0.300000 2006.000000 1.000000
a -12.000000 0.000000 6.000000 0.000000 2.000000 0.100000 14.000000 2.000000 1.000000 1.000000 1.000000 32.000000 0.300000 0.300000 2007.000000 1.000000
a 0.000000 -6.000000 -6.000000 0.000000 14.000000 0.100000 2.000000 2.000000 1.000000 0.700000 0.700000 32.000000 0.300000 0.300000 2008.000000 1.000000
a 12.000000 -6.000000 6.000000 0.000000 2.000000 0.100000 14.000000 2.000000 1.000000 0.700000 0.700000 32.000000 0.300000 0.300000 2009.000000 1.000000
a 0.000000 -6.000000 18.000000 0.000000 14.000000 0.100000 2.000000 2.000000 1.000000 0.700000 0.700000 32.000000 0.300000 0.300000 2010.000000 1.000000
a -12.000000 -6.000000 6.000000 0.000000 2.000000 0.100000 14.000000 2.000000 1.000000 0.700000 0.700000 32.000000 0.300000 0.300000 2011.000000 1.000000
a 0.000000 0.000000 -6.000000 12.000000 14.000000 0.100000 2.000000 2.000000 1.000000 1.000000 1.000000 32.000000 0.300000 0.300000 2012.000000 1.000000
a 12.000000 0.000000 6.000000 12.000000 2.000000 0.100000 14.000000 2.000000 1.000000 1.000000 1.000000 32.000000 0.300000 0.300000 2013.000000 1.000000
a 0.000000 0.000000 18.000000 12.000000 14.000000 0.100000 2.000000 2.000000 1.000000 1.000000 1.000000 32.000000 0.300000 0.300000 2014.000000 1.000000
a -12.000000 0.000000 6.000000 12.000000 2.000000 0.100000 14.000000 2.000000 1.000000 1.000000 1.000000 32.000000 0.300000 0.300000 2015.000000 1.000000
a 0.000000 6.000000 -6.000000 12.000000 14.000000 0.100000 2.000000 2.000000 0.700000 0.700000 1.000000 32.000000 0.300000 0.300000 2016.000000 1.000000
a 12.000000 6.000000 6.000000 12.000000 2.000000 0.100000 14.000000 2.000000 0.700000 0.700000 1.000000 32.000000 0.300000 0.300000 2017.000000 1.000000
a 0.000000 6.000000 18.000000 12.000000 14.000000 0.100000 2.000000 2.000000 0.700000 0.700000 1.000000 32.000000 0.300000 0.300000 2018.000000 1.000000
a -12.000000 6.000000 6.000000 12.000000 2.000000 0.100000 14.000000 2.000000 0.700000 0.700000 1.000000 32.000000 0.300000 0.300000 2019.000000 1.000000
a 32.000000 0.000000 18.000000 0.000000 12.000000 0.100000 2.000000 2.000000 1.000000 1.000000 1.000000 32.000000 0.300000 0.300000 2020.000000 1.000000
a 42.000000 0.000000 18.000000 6.000000 2.000000 0.100000 2.000000 8.000000 1.000000 1.000000 1.000000 32.000000 0.300000 0.300000 2021.000000 1.000000
a 32.000000 0.000000 18.000000 12.000000 12.000000 0.100000 2.000000 2.000000 1.000000 1.000000 1.000000 32.000000 0.300000 0.300000 2022.000000 1.000000
a 22.000000 0.000000 18.000000 6.000000 2.000000 0.100000 2.000000 8.000000 1.000000 1.000000 1.000000 32.000000 0.300000 0.300000 2023.000000 1.000000
a 32.000000 12.000000 18.000000 3.000000 9.000000 0.100000 2.000000 2.000000 0.700000 1.000000 0.700000 32.000000 0.300000 0.300000 2024.000000 1.000000
a 39.000000 12.000000 18.000000 6.000000 2.000000 0.100000 2.000000 5.000000 0.700000 1.000000 0.700000 32.000000 0.300000 0.300000 2025.000000 1.000000
a 32.000000 12.000000 18.000000 9.000000 9.000000 0.100000 2.000000 2.000000 0.700000 1.000000 0.700000 32.000000 0.300000 0.300000 2026.000000 1.000000
a 25.000000 12.000000 18.000000 6.000000 2.000000 0.100000 2.000000 5.000000 0.700000 1.000000 0.700000 32.000000 0.300000 0.300000 2027.000000 1.000000
a -32.000000 0.000000 -6.000000 0.000000 12.000000 0.100000 2.000000 2.000000 1.000000 1.000000 1.000000 32.000000 0.300000 0.300000 2028.000000 1.000000
a -42.000000 0.000000 -6.000000 6.000000 2.000000 0.100000 2.000000 8.000000 1.000000 1.000000 1.000000 32.000000 0.300000 0.300000 2029.000000 1.000000
a -32.000000 0.000000 -6.000000 12.000000 12.000000 0.100000 2.000000 2.000000 1.000000 1.000000 1.000000 32.000000 0.300000 0.300000 2030.000000 1.000000
a -22.000000 0.000000 -6.000000 6.000000 2.000000 0.100000 2.000000 8.000000 1.000000 1.000000 1.000000 32.000000 0.300000 0.300000 2031.000000 1.000000
a -32.000000 12.000000 -6.000000 3.000000 9.000000 0.100000 2.000000 2.000000 0.700000 1.000000 0.700000 32.000000 0.300000 0.300000 2032.000000 1.000000
a -39.000000 12.000000 -6.000000 6.000000 2.000000 0.100000 2.000000 5.000000 0.700000 1.000000 0.700000 32.000000 0.300000 0.300000 2033.000000 1.000000
a -32.000000 12.000000 -6.000000 9.000000 9.000000 0.100000 2.000000 2.000000 0.700000 1.000000 0.700000 32.000000 0.300000 0.300000 2034.000000 1.000000
a -25.000000 12.000000 -6.000000 6.000000 2.000000 0.100000 2.000000 5.000000 0.700000 1.000000 0.700000 32.000000 0.300000 0.300000 2035.000000 1.000000
a 0.000000 0.000000 -26.000000 6.000000 34.000000 0.100000 2.000000 2.000000 1.000000 1.000000 1.000000 32.000000 0.300000 0.300000 2036.000000 1.000000
a 32.000000 0.000000 6.000000 6.000000 2.000000 0.100000 34.000000 2.000000 1.000000 1.000000 1.000000 32.000000 0.300000 0.300000 2037.000000 1.000000
a 0.000000 0.000000 38.000000 6.000000 34.000000 0.100000 2.000000 2.000000 1.000000 1.000000 1.000000 32.000000 0.300000 0.300000 2038.000000 1.000000
a -32.000000 0.000000 6.000000 6.000000 2.000000 0.100000 34.000000 2.000000 1.000000 1.000000 1.000000 32.000000 0.300000 0.300000 2039.000000 1.000000
a 32.0 -212.0 -26.0 6.0 20.0 200 20.0 20.0 1.0 0.2 0.2 32.0 0.7 0.7 2040.000000 1 

#a -42.0 -188.0 -6.0 37.0 20.0 200 20.0 20.0 0.2 0.2 1.0 32.0 0.7 0.7 2041.000000 1 
#a 0.0 -136.0 6.0 36.0 10.0 200 10.0 10.0 0.2 1.0 0.2 32.0 0.7 0.7 2042.000000 1 

# Lancelots
l -12 0.6 5.34 -1.22
l 4.11 -5.40 18.36 0.61
l 11.99 -5.40 6.42 -0.43
l -23.69 0.60 -5.50 1.76
l -36.50 12.60 -5.33 0.60
l -48.72 12.5 4.90 48.51
l 1.89 64.50 9.81 36.33
l 24.57 0.60 17.15 -0.49
l 10.60 0.60 -21.76 3.24
l 28.83 -11.50 -21.76 3.24
l 31.61 0.60 -24.70 7.39

# SUN NIGHT
n 0.03
r 1.0

