# # Hyperspheres 

# Beacons
s 12 5 25 0 4 1.000000 1.000000 1.000000 32.000000 0.200000 0.200000 200000 1 
s -4.3 12.25 41.5 0 4 1.000000 1.000000 1.000000 32.000000 0.200000 0.200000 200001 1 
s 0 13.5 85 0 4 1.000000 1.000000 1.000000 32.000000 0.200000 0.200000 200002 1 
s 0 15 41 20 4 1.000000 1.000000 1.000000 32.000000 0.200000 0.200000 200003 1 

# Normal
s 2 2 5 -0.3 1 1.000000 1.000000 1.000000 32.000000 0.200000 0.200000 7 1 
s 5 2 5 0 1 1.000000 1.000000 1.000000 32.000000 0.200000 0.200000 8 1 
s 8 2 5 0.3 1 1.000000 1.000000 1.000000 32.000000 0.200000 0.200000 9 1 

# # AABBS

a -0.023876 1.497100 10 -0.111356 5.500000 2.00000 0.0100000 5.500000 1.000000 1.000000 1.000000 32.000000 0.990000 0.990000 7 1
a -2 2 -4 0 1 1 0.01 1 1.000000 1.000000 1.000000 32.000000 0.990000 0.990000 6 1

a 0 0 0 0 60 1 60 60 1.000000 1.000000 1.000000 32.000000 0.300000 0.300000 8 1.000000

a 10 1.50 0  0    10 0.25 2 2 0.8 1.000000 0.0 32.000000 0.300000 0.300000 9 1.000000
a 20 3.00 10 0    2 0.25 10 2 0.7 1.000000 0.1 32.000000 0.300000 0.300000 10 1.000000
a 10 4.50 20 0    10 0.25 2 2 0.6 1.000000 0.2 32.000000 0.300000 0.300000 11 1.000000
a 0  6.00 30 0    2 0.25 10 2 0.5 1.000000 0.3 32.000000 0.300000 0.300000 12 1.000000
a 0  7.50 40 10   2 0.25 2 10 0.4 1.000000 0.4 32.000000 0.300000 0.300000 13 1.000000
a 0  9.00 50 20   2 0.25 10 2 0.3 1.000000 0.5 32.000000 0.300000 0.300000 14 1.000000
a 0  10.5 60 10   2 0.25 2 10 0.2 1.000000 0.6 32.000000 0.300000 0.300000 15 1.000000
a 0  12.0 70 0    2 0.25 10 2 0.1 1.000000 0.7 32.000000 0.300000 0.300000 16 1.000000

a 0  13.5 80 0    5 0.25 5 5 0.0 1.000000 0.8 32.000000 0.300000 0.300000 17 1.000000

                 